1 0.23362594114768123 0.7063817175491401 0.30004227921769794 0.4653128980092635
1 0.3247387215897857 0.14719374604327112 0.196114889608849 0.23507212008095948
1 0.3520798863591428 0.6383986001817141 0.05898526217486459 0.0702173247398008
1 0.42902244155471825 0.5217632988476616 0.0897170649348082 0.04216756784239593
1 0.4502310142001642 0.6168334594085397 0.040098894480112966 0.06142217887824373
1 0.4813873311635673 0.7442247970386393 0.09166139448011279 0.0641244549975255
1 0.5327478648520827 0.2409769241863459 0.2864161558409034 0.4819538483726918
1 0.6661481148487873 0.7118649191557637 0.11446369480442442 0.1183958751693421
1 0.7306381197233466 0.06101839213197076 0.13302278003177204 0.10844102103089917
1 0.7421540925309482 0.18318331920119224 0.14941934740221222 0.06402927973732639
1 0.18632465259449246 0.41562392073764337 0.15725121266133196 0.15498182835784532