1 0.6930496421319707 0.7672294386007239 0.30318911352223876 0.46309530076822547
1 0.6489244216421545 0.18912104873206065 0.19912797602842466 0.2317014586155702
1 0.5779026769576798 0.6922560148108627 0.06133364767057934 0.0702173247398008
1 0.5092489314802355 0.5672316813646348 0.0923446302577247 0.0375619549975255
1 0.47752754070706127 0.6642770997274289 0.03904921189493056 0.06125840456798422
1 0.43475246325372696 0.7928624451594446 0.0952173247398008 0.06264384215265525
1 0.42686463591193424 0.2707074841690251 0.2859130823145744 0.4902376549066686
1 0.24662834351145174 0.7501006558111797 0.11510710085908257 0.11510710085908257
1 0.23866635232942066 0.07988000904511154 0.13484639077317437 0.10523413387576941
1 0.21727162991904053 0.2041020810713789 0.15426477611928177 0.05950555404758591
1 0.7680241451841885 0.4726849004956545 0.1607405054270668 0.15333744120271575