1 0.38043098295057615 0.5839964760502705 0.7496252678536123 0.524242952100541
1 0.27399224796810984 0.39295275803627105 0.15302736282348767 0.17518290802036268
1 0.6258002098186629 0.41110605808399614 0.14586942775829587 0.2125920013526354
1 0.15384734334172717 0.35640563602004455 0.06772506249917618 0.12107611600890866
1 0.4733922301112024 0.360904968730088 0.20480805113509035 0.18828289202736243
1 0.07706092654047991 0.2531891820098632 0.04462275324641087 0.0505090773392725
1 0.4745029423687924 0.20079417206395161 0.0885557597392328 0.15099997334499946
1 0.2482307686676864 0.17004196936663485 0.12016031574558701 0.17167610001590833
1 0.6539177069792891 0.18726002542167777 0.14378082223840885 0.27193063868554457
1 0.08627051095704863 0.10957554201145403 0.07145008035608366 0.15548747867599957
1 0.7639551801939278 0.13698840010340435 0.10529897483619663 0.2152442866804539