1 0.8 0.375 0.18125 0.425
1 0.359375 0.4421875 0.31875 0.296875
1 0.9453125 0.4875 0.103125 0.20625
1 0.59375 0.6296875 0.14375 0.121875
1 0.7484375 0.6546875 0.165625 0.128125
1 0.3171875 0.678125 0.134375 0.175
1 0.453125 0.71875 0.13125 0.175
1 0.9203125 0.7296875 0.146875 0.278125
1 0.2 0.7515625 0.14375 0.171875
1 0.596875 0.765625 0.14375 0.15625
1 0.7578125 0.7921875 0.171875 0.140625
1 0.0640625 0.8234375 0.121875 0.121875
1 0.33125 0.8359375 0.11875 0.128125
1 0.4578125 0.8609375 0.134375 0.109375
1 0.1984375 0.8859375 0.140625 0.103125
1 0.5984375 0.9015625 0.140625 0.103125
1 0.7546875 0.921875 0.165625 0.1125