1 0.38847016717499955 0.5625 0.25690722948277794 0.1625
1 0.8717587119122566 0.37421875 0.1532367156150695 0.1390625
1 0.12823018351124985 0.5328125 0.2564603670224997 0.278125
1 0.6093853452710066 0.40234375 0.29095622758291684 0.215625
1 0.809426938545243 0.13203125 0.250476697947639 0.221875
1 0.31500283168763865 0.228125 0.32297255983923645 0.3828125
1 0.06560550978364578 0.25078125 0.13121101956729156 0.2296875
1 0.5277048130702777 0.11875 0.14698802203583342 0.20625
1 0.5572669861322916 0.0234375 0.11359102773541671 0.046875
1 0.6819421845580896 0.84296875 0.14756990349472227 0.23125
1 0.4297257211272215 0.8375 0.29004834422416687 0.24375
1 0.16230183178454788 0.84765625 0.2930291802802086 0.3046875
1 0.8786379594437147 0.71640625 0.21821232465687537 0.3796875