1 0.5482107756690558 0.8276594509116354 0.47067542740790563 0.21829756556940758
1 0.5274644222079814 0.3586458304983264 0.348193997059324 0.3550430657657994
1 0.4147697546381567 0.9564959605759968 0.22810506784239593 0.08700807884800632
1 0.30412101820582405 0.594137382022578 0.14420810266810494 0.15860336123992677
1 0.26048944764989473 0.7556515989432866 0.1532489099950512 0.1820863130353249
1 0.2836192469477823 0.2993970537637468 0.2001305540475859 0.15268061416679296
1 0.22620845940853976 0.44051241227319904 0.19832239258219672 0.14798402380771342
1 0.1635691027837059 0.9199817436552882 0.30777927973732644 0.15018284894328673
1 0.21919930009085706 0.17163969242562419 0.19749687697836443 0.16203743344863372
1 0.16061667967121332 0.5886135689872531 0.1817899898232347 0.16038402985783762
1 0.1142728669172001 0.7571454003693423 0.16772084577069996 0.18998062626704132
1 0.1562190225012372 0.0462351714465812 0.1375619549975256 0.09139768052176751
1 0.11532294832726327 0.3046698401626879 0.14750352103089917 0.1320681323171656
1 0.07637223371879923 0.4365147378015557 0.13121677973732643 0.1491556383672897
1 0.07828437302163556 0.1614420149289188 0.12529432835784543 0.1553692769309713
1 0.03990022444654508 0.581559072208707 0.07980044889309015 0.1537431444174139
1 0.023428697422752106 0.7463300993360701 0.04685739484550421 0.18016019867214011