1 0.40979672885755924 0.8003991784020819 0.09233134215265544 0.09575285178688589
1 0.5648084554518109 0.7855766275272295 0.1786716338757694 0.13669086958138302
1 0.558251834012055 0.14879686912427253 0.2137836182719372 0.15215404349765968
1 0.3568287748760864 0.212617994105682 0.33453428878243796 0.40342206623507276
1 0.1433604963819554 0.3427671146384672 0.2867209927639108 0.2980342292769344
1 0.49949323043943894 0.32882260874414915 0.2540544934412793 0.26605471741393627
1 0.6954608276804769 0.3242809832684482 0.2690863511977669 0.344625386387297
1 0.07212954828183474 0.5494999342964 0.14425909656366948 0.22399986859279988
1 0.5667925158309748 0.4638780410633828 0.13221935775648747 0.08334569368794006
1 0.6023681676854256 0.5021247989720482 0.12802318068726598 0.09252969269935676
1 0.34034180122251084 0.5869640780980708 0.5147817107632768 0.480928936805039
1 0.8889231433751661 0.516932692773719 0.18088258706427282 0.178878369581383