1 0.3955383217613332 0.94609375 0.09513393992586625 0.084375
1 0.3308012099657681 0.88203125 0.11442957694917481 0.1
1 0.29984882112836103 0.8234375 0.11264882213985139 0.09375
1 0.5192263037051659 0.84140625 0.15465776206571746 0.178125
1 0.3284598498146655 0.2109375 0.07745536660488854 0.0703125
1 0.11373515090312465 0.23671875 0.15501986061443876 0.14375
1 0.09664436542376216 0.15 0.12046132213985135 0.09375
1 0.03909230416850202 0.3140625 0.05897818511654279 0.078125
1 0.2987575139646341 0.54609375 0.1346329495445131 0.096875
1 0.5653820187739576 0.55234375 0.09836806733052797 0.0875
1 0.6227828680404689 0.965625 0.10240080290255768 0.06875
1 0.3631995369149429 0.98203125 0.11844246515360961 0.0359375
1 0.6114782579741844 0.61953125 0.15834326805616747 0.1046875