1 0.36480422245201455 0.7662762439529113 0.03404899810013893 0.053506808004454245
1 0.5430552026003825 0.7024666405951852 0.028344511967847198 0.07687158267027243
1 0.4841523280753478 0.6898671906031393 0.026236498100139016 0.053415901336727245
1 0.6220517183679519 0.6718518925843675 0.052545731382639 0.10995680267345413
1 0.34029322530180617 0.6868523732893201 0.02917966014423614 0.04563976400381797
1 0.6869129989531603 0.6382757765754588 0.026236498100139016 0.053415901336727065
1 0.381172145229688 0.663714317950366 0.02441942496187508 0.042460220003181705
1 0.4509391313619798 0.6394586579408209 0.02630923328249999 0.05654090133672725
1 0.24712380033993106 0.6457375719685015 0.039172909194305564 0.07231135200509069
1 0.6509384781515978 0.6035286065802312 0.030923998100139016 0.05347044533736352
1 0.3190345147207297 0.6128608899586383 0.03688436379145843 0.10821248933799979
1 0.4967049198309727 0.5912569679344576 0.05036628875333342 0.1505454400063634
1 0.5746844494662505 0.5840979012571854 0.03205139342673622 0.10190794533736351
1 0.40976796428388945 0.5828910319462297 0.04422408510611113 0.08799089600572714
1 0.614236605526424 0.5375314365850038 0.0281990416031249 0.0706215826702726
1 0.26294686246027826 0.5533409866327288 0.02623649810013893 0.053415901336727245
1 0.35938545136611155 0.5334637439529113 0.04422408510611113 0.08799089600572696
1 0.5202859305645491 0.49642572593095774 0.04440592306201392 0.09580339600572696