1 0.83359375 0.2977853901051729 0.1 0.22576502583555563
1 0.7078125 0.4593067311952078 0.08125 0.11751611474138883
1 0.42734375 0.5142722138121177 0.284375 0.26755640159486127
1 0.784375 0.4786184692273604 0.0984375 0.17572865824437506
1 0.625 0.5229529635277773 0.13125 0.12180487765916688
1 0.71953125 0.5387214742613535 0.071875 0.06886040919430556
1 0.3046875 0.6452520697197913 0.0796875 0.15810474715020853
1 0.48359375 0.6989004805296176 0.2875 0.1879416367772226
1 0.0390625 0.22174706022048607 0.078125 0.34088087955902785
1 0.13984375 0.3287763505893402 0.15 0.10349128875333342
1 0.275 0.310005553952222 0.165625 0.10072996466513899