1 0.6703923407860854 0.8796875 0.23235906134627218 0.0953125
1 0.5294571634309045 0.71875 0.11811474801081764 0.0796875
1 0.5329975973901793 0.41875 0.2658453653723619 0.2875
1 0.49439236744108594 0.79375 0.18079656134627217 0.0953125
1 0.48143673941754156 0.6203125 0.11871473201781732 0.13125
1 0.4450276194302683 0.7140625 0.06804202267663584 0.0734375
1 0.4234215080362711 0.2671875 0.16339088534372675 0.0765625
1 0.33010895472627 0.4390625 0.17999877204008907 0.2953125
1 0.8727471566677272 0.06171875 0.25450568666454565 0.0921875
1 0.7854755180219536 0.16171875 0.0970942706874535 0.153125
1 0.775411269374589 0.30390625 0.09573176535645338 0.1703125