1 0.23267316752766704 0.40929803308416124 0.051146005931499074 0.030453787427387448
1 0.29595837060714725 0.5845741689399722 0.07439250494291585 0.026857906533975396
1 0.30769702524605197 0.5281978904039248 0.050891337946721474 0.024203787427387446
1 0.325576886424478 0.6608113372607717 0.10497134288963732 0.05011562406898662
1 0.3084398300752372 0.3933327388323483 0.04476867193911023 0.027037688998963992
1 0.3578747332684481 0.726256554795783 0.050891337946721474 0.024203787427387446
1 0.33031217148199976 0.4325600587247244 0.04151633794672147 0.023767139784752266
1 0.3541754358164558 0.5015112659206535 0.05401633794672147 0.024349336641599172
1 0.346248894790254 0.3069800159206535 0.0685245069200822 0.03594180810555185
1 0.3900996428502687 0.694227458848559 0.05101867193911032 0.027328787427387445
1 0.37802015961900165 0.37863884615211185 0.10270850593149898 0.032855349461880755
1 0.3997717787060931 0.5488614549196175 0.14390650889724857 0.048809989246633025
1 0.40829654452342395 0.624116166044488 0.09633117193911023 0.029439251033457303
1 0.4073667614058875 0.4673396271693585 0.08440417490485981 0.04291955417661057
1 0.45363821942828364 0.665216355043452 0.06814250494291585 0.026566808105551943
1 0.4345128987445867 0.3298053939185815 0.050891337946721474 0.024203787427387446
1 0.453926085018153 0.4235018899896401 0.08440417490485981 0.04291955417661057
1 0.4906978676413978 0.5796084948282043 0.0906541749048598 0.04321065260503385