1 0.6428503786550956 0.36106670580241884 0.7095536469124495 0.46189407122674825
1 0.7638781245979058 0.5431565222555893 0.14036372158978577 0.16486245159900648
1 0.4104667524389273 0.5616171934075829 0.12854556006354426 0.2038522287263694
1 0.8860979979747003 0.5674429290678392 0.05673301542127547 0.11750566256778665
1 0.5652945742735943 0.5974314526791609 0.19050008928453738 0.17296584308955404
1 0.9672331753292545 0.6630548900366195 0.038318206168510116 0.04709316861791084
1 0.5726552865311845 0.7575286153451433 0.07756371266133186 0.14731133723582168
1 0.8021927820669574 0.7647860825604396 0.10911372158978594 0.1646806444174139
1 0.39320356575217763 0.7898194614597596 0.12176945454365704 0.2631817769309713
1 0.9607904862068729 0.8083901159343185 0.04483303327818291 0.15180793969514994
1 0.28557625203518544 0.8693438558771736 0.08709444561520333 0.24579428903121964