1 0.5920438732449262 0.543434441836449 0.7862202138109577 0.4466417759490128
1 0.7263504067433724 0.4785730319991369 0.1895463052100677 0.17917948165323558
1 0.537127394956548 0.43058446301188374 0.2311901497095498 0.20129083098930564
1 0.8610892797789015 0.471542302879984 0.06603172249741007 0.1097295240041051
1 0.896742143508806 0.37719286006157643 0.06704625889134022 0.06443520472226431
1 0.5756719722925222 0.29092706537301594 0.10128001778268025 0.1286795119038567
1 0.39451617163056846 0.2375151981811608 0.18893418320799568 0.26665221057599686
1 0.8079750500427814 0.3032190288758789 0.14318072745980856 0.18984427088084707
1 0.2952289551290145 0.17129477966144585 0.1321747609582548 0.2553874576491305
1 0.9707854191493691 0.2807223810406193 0.04052660835322079 0.1658158975406719
1 0.9423543581483331 0.2367951190385668 0.06403688296032684 0.16751475292686618