1 0.6666942612998026 0.8257452573003053 0.14130681043863902 0.09456029788867966
1 0.5858123425027804 0.4286190669601078 0.19543286831702958 0.11267509821299111
1 0.5661867561087179 0.8998491846548594 0.21668624203690498 0.07558420129724616
1 0.5231751055863729 0.34932130478524315 0.3579328683170296 0.11551154626382658
1 0.5204247480044486 0.6785139269442217 0.31339318401734034 0.2083887930174157
1 0.49532749551478705 0.8274463047852432 0.226576452503779 0.13819329545304768
1 0.4403163739316371 0.2681064866040241 0.23696792093374802 0.12900921022569997
1 0.35736590799132983 0.10790359780595404 0.22718266823232475 0.20220124837514689
1 0.32099170833014823 0.4638808624164506 0.1631818104386391 0.09494212743398442
1 0.8132268980326834 0.7133424890363609 0.301288026167185 0.16135015178371362
1 0.787922332120611 0.5838634947184037 0.27178253669052843 0.16395695454365722
1 0.6845654448230327 0.1026662674465751 0.5371191103539346 0.19044118262626458