1 0.7772479172501857 0.5896770184754141 0.050345445337363515 0.031142351411925874
1 0.7595342532622761 0.5011600877548863 0.07854317067154533 0.03821070533113406
1 0.7406029872692758 0.45016588908766975 0.06604317067154533 0.03784699247815269
1 0.6984534919637289 0.24677411612641614 0.056577264003817976 0.029761707838416564
1 0.716375693944957 0.3844870647936327 0.04872840133672707 0.026409387305303157
1 0.698380219287093 0.32018888407310486 0.056577264003817976 0.029761707838416564
1 0.7305183679185492 0.5785409416740945 0.08484771467218159 0.04308006175762476
1 0.7359047545751405 0.6525778352476038 0.050345445337363515 0.031142351411925874
1 0.6767501199475024 0.366896399512511 0.042532945337363515 0.030915030878812467
1 0.6782848006047301 0.43635945335257703 0.051853401336727244 0.02650031551854859
1 0.6305392859643654 0.2440643047645028 0.06288180800445424 0.03463106426490725
1 0.696342815245095 0.6295184199664823 0.06597044533736351 0.03159699247815269
1 0.6156131726209566 0.3186922317241069 0.1271988466740906 0.05837009263643722
1 0.65643597792014 0.5689817367386718 0.0879727146721816 0.04317098997087001
1 0.640103000596776 0.49604434191152136 0.13034202800763595 0.060023520849682654
1 0.6105524079408209 0.4180246419906636 0.07227498933799978 0.03646634890464338
1 0.6292916752466858 0.6197546265512575 0.06751476400381798 0.030079956584775403
1 0.5511603212921837 0.2869852421489482 0.06284544533736351 0.03150606426490725
1 0.5569825126114116 0.3906869036691461 0.09420453333863606 0.04179034639736088
1 0.5575172199236398 0.5460874575092121 0.08019657733927232 0.04606866943775678