1 0.2612810073278104 0.6000484131477993 0.05182010523343692 0.032122753246410875
1 0.27640620741251504 0.5113404691541537 0.0803091262801244 0.03886367694751698
1 0.294496783777344 0.4601461619299833 0.06946263154179624 0.040235262174864596
1 0.3310580971291677 0.2570853916374438 0.05797909997176518 0.03066934740221221
1 0.3171915601562904 0.394203562092139 0.04989358418674961 0.025845479707460584
1 0.3329915944277446 0.33048198132901835 0.05797909997176518 0.03066934740221221
1 0.3082547178652716 0.5891615060857847 0.08683214206513998 0.04366027110331831
1 0.30471946516384846 0.6624626383910329 0.05182010523343692 0.032122753246410875
1 0.35672449701622827 0.37616267410484794 0.04391659997176518 0.030423885551659157
1 0.35691348379146143 0.4464069902574721 0.05301858418674961 0.025900026785361165
1 0.39879933397498807 0.2543655405817836 0.06450211575678066 0.035465941558013546
1 0.34397938623877067 0.6397342504037418 0.06744510523343691 0.03239548863591431
1 0.41566758653523683 0.3295837288933864 0.12992969468185844 0.060021656654977565
1 0.38183643103356857 0.5795194991859258 0.09004814732681173 0.04527731818121907
1 0.39635468636582766 0.5071905316533298 0.13305469468185843 0.06007620373287814
1 0.4237901706513993 0.42884338920181186 0.07396812101845249 0.03719208279171564
1 0.4105753520379037 0.6307507625786064 0.06891659997176518 0.030860262174864594
1 0.479335973409292 0.29713546752930065 0.06432010523343692 0.03234094155801355
1 0.4767940733104701 0.40089171306507376 0.09767863680346807 0.0422886858759707
1 0.4812526021084909 0.5578411424482228 0.08232665258848364 0.04670345048646744