1 0.621875 0.2265625 0.025 0.046875
1 0.453125 0.26875 0.01875 0.06875
1 0.50625 0.2859375 0.01875 0.046875
1 0.378125 0.2890625 0.0375 0.096875
1 0.6359375 0.3015625 0.021875 0.040625
1 0.315625 0.3140625 0.01875 0.046875
1 0.596875 0.31875 0.01875 0.0375
1 0.53125 0.334375 0.01875 0.05
1 0.7171875 0.346875 0.028125 0.0625
1 0.3453125 0.3484375 0.021875 0.046875
1 0.6484375 0.3703125 0.021875 0.096875
1 0.484375 0.3734375 0.03125 0.134375
1 0.4125 0.3734375 0.01875 0.090625
1 0.5625 0.3890625 0.03125 0.078125
1 0.371875 0.4125 0.01875 0.0625
1 0.69375 0.4296875 0.01875 0.046875
1 0.603125 0.4390625 0.03125 0.078125
1 0.453125 0.4578125 0.03125 0.084375