1 0.3419034450393068 0.9417576195971538 0.15327341567683303 0.1164847608056924
1 0.32242028846716675 0.5110178838902835 0.21172241316955062 0.1464786998023559
1 0.4628009667469192 0.9672616366622936 0.2275459899708702 0.06547672667541278
1 0.36600045539764103 0.41182152069375155 0.37802937476889087 0.17956275753957202
1 0.45314613658038727 0.7518388469174061 0.3416037929530063 0.26791262599777566
1 0.5161509387711006 0.8995020731692958 0.24544419530200426 0.17963981029746492
1 0.42933919286122874 0.30595022326811777 0.25615437476889086 0.17246434712916764
1 0.4704823330695257 0.12913709428657025 0.2527853338609486 0.21750383134415213
1 0.6004376398790926 0.4771258152062007 0.17680184389007855 0.12572658404557516
1 0.18066807983732744 0.8643109419098483 0.2961261569013444 0.20598947867096412
1 0.15732517122012338 0.7252183498305907 0.29322847743445785 0.2136199681476203
1 0.20995166152019795 0.17317770769486368 0.4199033230403959 0.3182304153897274