1 0.32160733209149106 0.8186316286550955 0.5075889292169281 0.2726809383083072
1 0.48778444651824093 0.3435071233800898 0.39415495024782726 0.40183087580913135
1 0.4182256252849431 0.955880438314898 0.2381418091359686 0.07596603084255094
1 0.6431115971294964 0.6264718076345028 0.16394074852966192 0.1792625803560835
1 0.6371471229100939 0.7998547605566021 0.17783283016686777 0.20604326866768652
1 0.7539007694490195 0.32949562175853203 0.2215894742194024 0.17714670129724616
1 0.7691904975136092 0.4845552686742769 0.2214256999091429 0.17402170129724617
1 0.6898106982157216 0.9417734793070138 0.3250619549975255 0.09621607548481989
1 0.8592610560837508 0.21057625203518543 0.22060018430531086 0.18805692775829588
1 0.7902798462249851 0.6480995714342205 0.20168640999505136 0.18460464529089188
1 0.7847281298074988 0.8285001375868447 0.1923047659425164 0.21410123051823932
1 0.9412657298736121 0.09050348539609397 0.11206398801421216 0.1127921006486231
1 0.9112695341483406 0.36499497078559734 0.14536116689245623 0.15240007142762996
1 0.9124115530315331 0.5070324663213706 0.12882876413349428 0.16460006249917605
1 0.9623074909548883 0.22516881169498787 0.0586800384437538 0.16649775324641086
1 0.9119125067858633 0.6654898486266189 0.09132876413349429 0.16394549756436802
1 0.8872799197215906 0.8376375840161222 0.08022084577069996 0.19028980925276534