1 0.6745386595448253 0.6903951366187739 0.048512743102595124 0.03152271077238851
1 0.6962708966545266 0.6035763926688981 0.07688340456798422 0.03637383723582168
1 0.7005766163513731 0.5512235523098186 0.06446529172311415 0.03786361436318479
1 0.7484762850528517 0.3525678836919077 0.05459896879233561 0.028434072208706952
1 0.7072637075995175 0.48323662159165937 0.0466226944820761 0.025263620413308985
1 0.7176932745374021 0.41835196497580096 0.05459896879233561 0.028434072208706952
1 0.6393348219147257 0.661702510057145 0.08337906603337367 0.04109769867214012
1 0.6131164806665815 0.7298030702637994 0.048512743102595124 0.03152271077238851
1 0.6808583378572421 0.45058774805509244 0.04218085594746519 0.029923849336070063
1 0.6518016016520521 0.5132377389799061 0.049747694482076096 0.02528180113146803
1 0.691438391000317 0.3232212721573934 0.0610946302577247 0.033157933645025485
1 0.5884783288121307 0.693238856368153 0.06413774310259512 0.03161361436318479
1 0.6484010419502566 0.3843905763139236 0.12317855042954129 0.05538745764913058
1 0.5796223072154045 0.6237803292407899 0.08650406603337366 0.04111587939029935
1 0.5958891163513732 0.5518326063681529 0.12474105042954128 0.055396548008210186
1 0.6024909984181204 0.4705689708295335 0.07055151741285463 0.03477497579950324
1 0.5356742333801149 0.6576195189359395 0.06553646879233561 0.028497704722264317
1 0.6067767859573628 0.3291809015476927 0.06093085594746519 0.030032933645025482
1 0.5690101130720129 0.42390304908836474 0.09267217887824372 0.03958974082661779
1 0.5039096562654649 0.5633018923743105 0.07877345318850323 0.042632927594901206