1 0.24882447929534668 0.6654472223568522 0.09905705547083343 0.09769735376405216
1 0.19937260600458293 0.5054700444862428 0.14175500816812514 0.18841519566510634
1 0.83228125066559 0.25834425996019383 0.15669033035645868 0.22648819863085592
1 0.8175238471708678 0.4892122579830275 0.35120535619201404 0.334319239162766
1 0.8347600196642008 0.7901990964240405 0.30422255983923635 0.39484556228073997
1 0.6783178364372914 0.38891914482743506 0.2778029173624308 0.2657655573378241
1 0.5999967339480902 0.1925760440291323 0.3639586229095141 0.2786422421285156
1 0.6509818188667701 0.9125205170716502 0.23412434612402783 0.17495896585669968
1 0.5159814905976038 0.3752665272232184 0.08604921561506948 0.14243685079830276
1 0.46325653410059003 0.355914349352609 0.09680487765916687 0.1350700197716635
1 0.4900495445498259 0.6494706897707885 0.501209275454306 0.5418027698088446
1 0.3293225176674305 0.096309903193211 0.17518445079743064 0.14919086958138306