1 0.7129178222449994 0.6668699421184829 0.05983074188232518 0.11764385698624161
1 0.7941229577966586 0.6218724114484437 0.06783415665497756 0.1288541754978958
1 0.37311280276323877 0.49759667478010583 0.11939665665497756 0.13065477767481432
1 0.5437292658316079 0.518965699374877 0.12112279788867966 0.1400843413771451
1 0.6728633867727705 0.45667897578374683 0.15224788717321686 0.3129414880191005
1 0.35966968587926607 0.3731423118034143 0.12791826866768635 0.1715525961864685
1 0.5202799034118619 0.38627225046333613 0.12267738960884884 0.22914684137714508
1 0.15197200852471193 0.28436009791574895 0.07063187418757347 0.11021330290255768
1 0.7920088530875503 0.42987588440660185 0.06879663879807012 0.09453373920022674
1 0.8964742106360323 0.3942161482015999 0.11508307792045187 0.24137402286549073
1 0.4113711388046606 0.8554166092636762 0.30452740746575646 0.26985123084752444
1 0.6177165961909867 0.8427454505560034 0.25159332223840886 0.27893356496827515
1 0.7932660211099088 0.8498882840437822 0.25894217207625303 0.25264388347992933
1 0.22400532670922627 0.6753546309480407 0.08192393019392785 0.1309077488188736