1 0.0442461881639933 0.29159034057054056 0.07376611474138896 0.08459763192686945
1 0.12204322663298632 0.24760920822938637 0.08666615824437507 0.10236732878371635
1 0.18730455072118074 0.23504074172783235 0.07885365824437507 0.10200345574818695
1 0.12359146209968785 0.44824490901517466 0.16377417211208342 0.12937078453190337
1 0.7957021982319794 0.4561368773742463 0.06250130642076393 0.07002570967712848
1 0.8139573164887501 0.23457224648083413 0.1264560100679862 0.13543669396136265
1 0.9039283530578821 0.24422553638942093 0.07594686379145835 0.1112329065339753
1 0.9295978874428126 0.10650936662087929 0.13157861474138882 0.08729029238978617
1 0.7529996730620139 0.13028069871436448 0.07165810087368066 0.06108735731976358
1 0.46557632750666683 0.32135934718556913 0.07631053970326392 0.1268579065339753
1 0.40300881800736155 0.5837822644729114 0.07540134992375017 0.0877954065339754
1 0.013413109041805756 0.24098887303552932 0.018025261017916756 0.10385274607105863
1 0.3271191184442019 0.6091225587247244 0.08154355357097236 0.1505137303552928