1 0.4213077614178598 0.6154287621781599 0.16860673870145285 0.25914099512873606
1 0.6054880260184538 0.12539627719569363 0.1455317706874535 0.1556341655834313
1 0.4571020001193126 0.8711060178602027 0.27781810669954404 0.2469876428552599
1 0.5804447620544065 0.3907309508967997 0.22056922803945261 0.2944160219140972
1 0.8523908453612259 0.19063194481101503 0.22632833203372585 0.2523376160698986
1 0.7605344407622228 0.6907740409954113 0.3927533107097254 0.3239786111986346
1 0.7430309567949941 0.9325348470017657 0.22783519334818117 0.11332966314779931
1 0.8689810980664969 0.47477511972993713 0.2110658640197265 0.1489671542193456
1 0.970323232694135 0.4456040426202644 0.059353534611729944 0.11674321509696402
1 0.13808399204327074 0.31640447565027074 0.2282170013526355 0.14614216314779932
1 0.1418197087444055 0.5702970888807956 0.25178286537236183 0.2918364926931041
1 0.14790826611231303 0.8249300418028949 0.27952605736790753 0.25951491639421037
1 0.25991189668204473 0.11272214245151804 0.3916987933640895 0.22544428490303609