1 0.2609375 0.38125 0.028125 0.10625
1 0.1984375 0.4390625 0.034375 0.115625
1 0.61875 0.4625 0.0875 0.1
1 0.45625 0.4796875 0.0875 0.109375
1 0.353125 0.5640625 0.06875 0.284375
1 0.6640625 0.5734375 0.084375 0.140625
1 0.5125 0.5953125 0.0625 0.203125
1 0.8796875 0.609375 0.040625 0.09375
1 0.25 0.6140625 0.04375 0.078125
1 0.1625 0.66875 0.05 0.21875
1 0.48671875 0.121875 0.2359375 0.2390625
1 0.2953125 0.1578125 0.165625 0.309375
1 0.1171875 0.1671875 0.184375 0.328125
1 0.7109375 0.26875 0.046875 0.1125