1 0.37752242799909785 0.777596717411688 0.032413762917777866 0.050181807181592396
1 0.4716536344961117 0.7598592506873711 0.03939111474138883 0.08146816861791066
1 0.525123473401945 0.7407956332991242 0.039100174011944586 0.06896816861791084
1 0.7390762174180214 0.7012644589256768 0.02947060087368065 0.05797612646343318
1 0.594908643329827 0.7177303171405415 0.02612739532659738 0.048582945745273776
1 0.6624591660312505 0.6993661365205781 0.02947060087368065 0.05797612646343318
1 0.3912205988769103 0.7282916090004316 0.042661585106111136 0.08773634933607007
1 0.3139677678548617 0.7326478317748727 0.032413762917777866 0.05018180718159222
1 0.6158199021635422 0.6761968021134268 0.032268292553055564 0.0439318071815924
1 0.5423642183679519 0.6758427989901689 0.026236498100139016 0.05327044574527377
1 0.7452339920193061 0.6301252571302787 0.03590243882958344 0.06582498789975162
1 0.3395847104841673 0.6918682956705191 0.0312876740119445 0.06892271682251269
1 0.66749019851632 0.6133877299047198 0.056143510067986215 0.12999657220870695
1 0.405063586909063 0.6516382054096355 0.044333187879652944 0.09243293969514958
1 0.4812624109972575 0.6355677778147342 0.05777874525034736 0.13313066256778666
1 0.5649827943560075 0.6069518984244346 0.03768314437666671 0.07520907825883114
1 0.3528101026766325 0.6222506872592628 0.029761541603125073 0.07047612646343318
1 0.7042258258911464 0.5467587661072691 0.03121493882958326 0.0657977168225127
1 0.5957048110735074 0.5505155460633026 0.04135365824437507 0.09866475897699054
1 0.43313207589114633 0.5483359434075828 0.0456774823325695 0.08306703005422929