1 0.448732185879266 0.3842920893141372 0.35878562824146804 0.7685841786282744
1 0.5439646396121443 0.2498683519255489 0.16857054220663664 0.17067722135581712
1 0.5535503250843732 0.4614325605904126 0.18495920129724616 0.21460903469127163
1 0.5792453948871501 0.10808029392109456 0.11175570616851012 0.048165874681726575
1 0.6857681302766534 0.0912189632400043 0.06200116801906326 0.06164657200827235
1 0.7083878295486 0.45103885856941356 0.12798072402541774 0.08272268801718105
1 0.7258951091766304 0.65626216056655 0.26975121266133206 0.14998400803627093
1 0.7447555722417041 0.20222864123173195 0.1879284683433749 0.1162260786919079
1 0.7737950466774541 0.7759928578930958 0.26709777110331834 0.08746582670272555
1 0.808184646915745 0.01921943061745681 0.16800570616851013 0.03843886123491362
1 0.8422772288966817 0.07455707988545981 0.17867047077900686 0.03332267202418069