1 0.8125333045018712 0.6802342141933673 0.0962685696514182 0.1395729526972918
1 0.3894133870435881 0.6393631327900691 0.11015400723608923 0.19607752583555574
1 0.8832319860936483 0.5670062091593742 0.07248358887329473 0.22173083605604163
1 0.30111884893851865 0.5821156368741317 0.10978659430036189 0.3677343202884723
1 0.6472468984635489 0.5436278330188189 0.21128049525030157 0.30923344889756965
1 0.8024190773417926 0.5010013090831242 0.1367098631835546 0.22634690729444457
1 0.20994165027257114 0.5054278099361456 0.1279080732694628 0.23706620174736132
1 0.0686637115562463 0.43569980423656246 0.1373274231124926 0.21610039152687505
1 0.40719618781181366 0.359602897607708 0.09437187697836436 0.16293771751493064
1 0.7068930568767204 0.8348509386421521 0.15544657507848497 0.28608558320625016
1 0.5674177990748042 0.8310745880528121 0.16400270352718743 0.2706787887533334
1 0.0717267565587207 0.7542679662806597 0.1434535131174414 0.49146406743868065