1 0.8058408913592683 0.779952540307766 0.15012036831702957 0.11021131303532491
1 0.624260607511337 0.399629756933887 0.2092979472421071 0.1339851563212707
1 0.7250906912745636 0.8695150100571449 0.22144933674699843 0.1012544695529872
1 0.5413956286286117 0.3321200700674077 0.3654415314288567 0.1598851018701528
1 0.6236969783180281 0.6583144105246832 0.33598081555913667 0.24406011397040128
1 0.6364307387001975 0.8098541846269841 0.2389700366905286 0.16071128278470398
1 0.4390449023767221 0.2655052626894236 0.2495435156438411 0.15452491529826115
1 0.31656441567207605 0.12163760890223567 0.24867823663405889 0.2201226442210223
1 0.3717796205949295 0.4792501210024841 0.17217737884037315 0.11346357806243948
1 0.8808151734234094 0.6418434862494315 0.2383696531531811 0.19844763212077404
1 0.8593882234798793 0.5201593837901035 0.2812235530402415 0.1922339935570923
1 0.6375825709619828 0.09426256352630416 0.5532901419239655 0.18852512705260832