1 0.3734375 0.16603358790954043 0.21875 0.1042258794672148
1 0.32421875 0.2867890982896638 0.1109375 0.14983285672980173
1 0.53984375 0.28503430281483777 0.1328125 0.12259919467652329
1 0.425 0.3037763270351255 0.09375 0.10382001977166348
1 0.1609375 0.41453604939197763 0.0890625 0.16925401878308044
1 0.453125 0.44481782110362644 0.5078125 0.21756677376317732
1 0.21328125 0.5647469550194655 0.134375 0.15078786167271757
1 0.55859375 0.5616140488605051 0.3 0.08253656326932308
1 0.375 0.5855011709133461 0.0703125 0.08880251482874754
1 0.5765625 0.6405693784042695 0.3265625 0.1008064022046277
1 0.31640625 0.6839824332706357 0.1921875 0.1031435405319101