1 0.17954133084423626 0.6514341359802737 0.11639736318355451 0.2246556493475449
1 0.3045723083429991 0.6953194012969562 0.15926653663473136 0.11896927068745367
1 0.29240874377996356 0.4781409919637289 0.12916295680654793 0.14048064401654478
1 0.31639619968200033 0.5927756566279563 0.10984639077317437 0.09965564934754471
1 0.4411726288989284 0.8555472819462298 0.17530761646291496 0.09729426535645339
1 0.45756343226914575 0.5567370646085481 0.24297530981333715 0.5243840240292714
1 0.5912268605815627 0.7951717612587762 0.1604948439616777 0.1424067706874535
1 0.5712806942549334 0.4444086925923216 0.09729988240543133 0.30719542934436317
1 0.6036815157153739 0.6300825632559126 0.09447369629109836 0.07449201734563574
1 0.6506439676606817 0.42237860391473114 0.11736007688750724 0.33241360534690845
1 0.70580725972248 0.6843967985757768 0.11352466870147851 0.19963746801399934