1 0.6905031642904644 0.7053446542768678 0.11306656603337366 0.0444990228654909
1 0.6441880862713032 0.7774031927514551 0.12285100180902227 0.05263890507947586
1 0.5464201351189649 0.3605182823145016 0.11617827792830404 0.10387402286549072
1 0.5574439235627185 0.5260614367610053 0.12555327792830404 0.10420140507947587
1 0.49150574230962557 0.6418526170682247 0.2991545522385636 0.11338297603820102
1 0.427553948438805 0.3325793099893158 0.15688516508343398 0.10685517912609299
1 0.4325767203742152 0.4881571873939775 0.21708568068726616 0.09492066351699649
1 0.3539172953411587 0.12226185808255001 0.10270227611928177 0.055054576949174774
1 0.45977878674627304 0.7533183959241653 0.08559666327441154 0.05601687622353531
1 0.4202426532091879 0.8501859614405947 0.23065685775648764 0.08603673683797411
1 0.8838028691764483 0.4381943266947207 0.2323942616471033 0.27435519237293704
1 0.8686868815009202 0.6365871866761873 0.2626262369981596 0.2148909123358699
1 0.8739309814554916 0.817028654825022 0.2521380370890167 0.23514884863353913
1 0.7239132920617983 0.23770079729062604 0.12194359905006032 0.0650843413771451