1 0.635176763718877 0.5742602371791314 0.3550933785580245 0.41708492933027796
1 0.6319284793062485 0.36212391309093694 0.3162437101845253 0.3662484747331252
1 0.4876129770283484 0.7368537689986108 0.1818855787839034 0.1758754350298613
1 0.4580605268730566 0.5744817087781247 0.12287459983059072 0.18074346656499998
1 0.3978294111868631 0.6843301406738538 0.08532982622365459 0.09872974715020852
1 0.4960133661097165 0.3247174449104162 0.1341452997741211 0.24030030452090295
1 0.45670940045175784 0.46372604673402734 0.026440673635170952 0.05210801386770836
1 0.4140899899707665 0.5123096703091315 0.07671223137238706 0.21867857123840295
1 0.5081779790944869 0.14264982731923567 0.06384966837349922 0.051418336056041715
1 0.4476745766471776 0.3375454064414232 0.042762894625388626 0.11802395459715279
1 0.4634731528708323 0.24043401709874956 0.022026189420186526 0.05668641109416672