1 0.33091319410786957 0.6414040914752868 0.061690869581383014 0.1747410504295413
1 0.4747188853243518 0.5177098846687389 0.049867348821136304 0.07589411465389269
1 0.9168944564651593 0.5522254890343244 0.08006418479069169 0.08994997060135787
1 0.8257402158566993 0.5125665247645447 0.02308467292769336 0.030833920171816586
1 0.5425204920541535 0.403455954885984 0.3269470909496521 0.4474636567156908
1 0.31810808247233296 0.38169489880223306 0.07330484882113639 0.07712242198083885
1 0.06246026034294229 0.3420812793986422 0.11634387749004846 0.21502521370395292
1 0.9164063196207518 0.41114678765484347 0.02276633794672165 0.023021420171816586
1 0.31591552418310676 0.263313391000317 0.06772601087441492 0.05500176051544958
1 0.971818014297275 0.2757138986906914 0.03255251482874755 0.07186835594746528
1 0.670380259317178 0.7093673609243062 0.027865014828747547 0.0716226944820761