1 0.7057819972549582 0.5980753826199426 0.2919907893857248 0.39430289561857335
1 0.6300114799490932 0.39345842728880853 0.26017716804581603 0.3449561134861197
1 0.6159729678946867 0.7939668926490725 0.15806813335454456 0.16079641066226813
1 0.5302092852482767 0.6422021526782024 0.09420562802354446 0.17611988229073816
1 0.5084695505649592 0.7642673692921075 0.07138519867918128 0.09423338479802065
1 0.4823370486155477 0.39072456921296517 0.09180788136536222 0.2385289540774928
1 0.490820615929367 0.5347700859060126 0.016206802673454136 0.05045464106622681
1 0.4651297252546399 0.5934176602000497 0.03386811203054414 0.22590928213245362
1 0.43130290197327403 0.209491289587794 0.056759077339272324 0.045386707838416473
1 0.43829614727882066 0.4144515742275301 0.018605644016544787 0.12237510517284952
1 0.42069157129218376 0.31546850494805795 0.011592028007635946 0.056568248746358754