1 0.29371730581225175 0.5735347606222293 0.3341438417263215 0.4020555853755436
1 0.33573601876878734 0.3614705652848659 0.29851017861449414 0.3532362773710892
1 0.4103602322900202 0.7423745726050482 0.1752715577372161 0.1675522213558171
1 0.4705605268730566 0.5800649292648213 0.11340859456891898 0.17776246801399936
1 0.5108376454018476 0.692800739258458 0.08055132096198285 0.09618520401018138
1 0.47969812137138834 0.3293473139322304 0.11999179451244917 0.23717383068109027
1 0.4934281504517578 0.4689365252625942 0.023315673635170953 0.0517988573360908
1 0.5271892294474227 0.5192905139242763 0.06292274715740262 0.22245680267345413
1 0.5005474896178306 0.145635385264185 0.062196163111827296 0.04912839067472689
1 0.5257995766471777 0.34208312392586704 0.035041399887060544 0.11907726400381798
1 0.5275356528708323 0.24525357725973068 0.018901189420186527 0.05643181333545444