1 0.5813913214220612 0.35736058645025476 0.3932341671451935 0.3006646379745064
1 0.3772568929289403 0.3850850897699044 0.3437053930985764 0.2691328368430382
1 0.740389320789089 0.48096677897407475 0.16494049763774718 0.16030221662612104
1 0.583201814165667 0.5292810382456528 0.17218751324684387 0.0994192587805987
1 0.6894592486492377 0.5744395230221464 0.0915724303072194 0.0723931504675381
1 0.34279506897499046 0.5216311229473918 0.2301091406515056 0.10288060206654456
1 0.47640617714235844 0.5442878938282388 0.049146828130301044 0.020594301131468207
1 0.5244245256910796 0.5789492401392468 0.21419147477225664 0.04967378883482798
1 0.16587790490983986 0.5307601623713949 0.047222229581579976 0.05495112041330898
1 0.35449397160739565 0.5670208909995684 0.11499008293962457 0.027226096212812224
1 0.26085309901205733 0.5633504694547914 0.05361607332097762 0.01437157220870695