1 0.5964104032734348 0.746407926276252 0.33960337226160836 0.19721135119776695
1 0.799777095672445 0.7218560628655548 0.06644335391920837 0.03156426051544958
1 0.7026557062555708 0.5907930913596859 0.30606344655564544 0.17049172094004206
1 0.37576659732179774 0.5580127323600028 0.355563341382796 0.15592460990419427
1 0.5628778039065729 0.5005288602428785 0.05031824874635884 0.013557888964152021
1 0.4825909103330638 0.49006167175369625 0.026926212852981378 0.013892081637205678
1 0.721744338546309 0.49946540648854826 0.04001724623907634 0.034859678878243726
1 0.36654837318604516 0.4714610786965297 0.20122753087881246 0.05266905585660826
1 0.21927856809233792 0.4504414925367682 0.03931856426490725 0.06446529172311415
1 0.4086820488920081 0.4486310883074681 0.1127273205331134 0.01370837516934209
1 0.32074177969167816 0.43228571404263716 0.0722841769596041 0.01782930913596843