1 0.37309023730131025 0.3097094936348267 0.3280406983633867 0.18405422378319472
1 0.1783308088081894 0.3341061623284377 0.06499008293962456 0.028053571238402776
1 0.26860609002638264 0.45818140159486137 0.2944097428284239 0.15985300436840308
1 0.5796155118960815 0.4857492360353824 0.3438095421027844 0.14382926728618095
1 0.4001437775051782 0.5425590144363892 0.04725694591631609 0.012028527735416716
1 0.47643345899352385 0.5521535264042365 0.02549107332097762 0.014644381458888845
1 0.24836302269585472 0.5452813580918752 0.040208337748947984 0.03372168977951393
1 0.5869071675237116 0.5680168753780561 0.19371528366526397 0.048223213715208504
1 0.726205280500403 0.5868967747887159 0.038065484390903494 0.06177395459715278
1 0.5462449619887487 0.5905270018029519 0.10657738221398513 0.011847996200277855
1 0.6294022023701019 0.6049726679311117 0.06929563702330857 0.017225174011944587