1 0.5852163318840882 0.3868387027573446 0.5321106025622526 0.4024576910788621
1 0.843168034736791 0.5815902277636622 0.02260274607105863 0.016261497492717502
1 0.38342700764848586 0.5268629945232167 0.028707196856846907 0.013318353919208192
1 0.42348908146980346 0.532709829242095 0.014571922249741043 0.011346676959604096
1 0.34670825764848584 0.5257945880175836 0.045569365177646405 0.040335494985435004
1 0.4733264156302033 0.5474231986007095 0.055706344499482086 0.023466243731793845
1 0.700781481593638 0.5899302620076868 0.028852746071058633 0.016443353919208193
1 0.5862459466474499 0.5764551322242312 0.086412688998964 0.04620506175762475
1 0.6533071681114025 0.5924498567556952 0.02260274607105863 0.016261497492717502
1 0.414606387094156 0.5597580625490476 0.07442211124870504 0.056778848904643374
1 0.46451649586166166 0.5760339319076621 0.022457196856846905 0.013136497492717503
1 0.4332322626108846 0.6078916856685858 0.03782963978475227 0.041670674452321775