1 0.6127966553609537 0.6206081381276132 0.3705337437799635 0.4973331881703945
1 0.4345234119196745 0.8691804170779452 0.015045145861557075 0.01940497146395259
1 0.4666597190194782 0.42036192741702755 0.012329581637205678 0.027071922249740865
1 0.4622687901412343 0.4593152655063687 0.010030097241038049 0.01293664764263518
1 0.46541812358746243 0.3842788782028158 0.03650406603337366 0.04222604135632881
1 0.451136538332212 0.5073525051672865 0.021534163274411534 0.05399829528527036
1 0.4191551187262224 0.7290626852749102 0.015454581637205856 0.02721747146395259
1 0.4273538003179997 0.6174530971855692 0.04167624491161739 0.08143409057054071
1 0.41375828980255014 0.6826050622393811 0.015045145861557075 0.01940497146395277
1 0.43533447591688307 0.45022920988201626 0.05360303482570909 0.07107878742738745
1 0.4218584741078608 0.4981572876322752 0.011920145861557074 0.019259422249741042
1 0.3890393300553261 0.4668687462759463 0.03913774310259495 0.03299659057054072