1 0.552844747004775 0.34227931369163234 0.8943105059904498 0.6308351244787621
1 0.8723413469042587 0.5329577018237548 0.03168650961864685 0.013955492142117087
1 0.8189559412766286 0.6176088376795656 0.22474702885594056 0.047906768816137556
1 0.285215858337004 0.615862478702663 0.04752976442797028 0.02093323821317572
1 0.5820462183184706 0.6231654406561031 0.015897818511654192 0.008540246071058633
1 0.46588550497895936 0.6356183988854894 0.061755955534962936 0.02627570967712849
1 0.13880464980681634 0.6359845417706136 0.02560020072563942 0.018351893713693813
1 0.20015137757429774 0.6448650820934851 0.02888889183263199 0.023184942927905537
1 0.5524504875557643 0.6495845454946674 0.07005952885594055 0.04070208271265763
1 0.7763517790255765 0.6524590266785296 0.03185020072563951 0.018642992142117266
1 0.2457912597882829 0.6521296184874152 0.03357639183263199 0.02340326674922295
1 0.3139782645976063 0.6552139230783105 0.06380952885594056 0.040410984284234175
1 0.3800397742162532 0.6646573895798645 0.05249008293962447 0.02896406203449331
1 0.893095334923359 0.6791049557526962 0.01611607332097762 0.014790246071058633