1 0.6024890676205737 0.5378957206398924 0.5932965831224333 0.8882622109154734
1 0.4287967406988843 0.8359801178682428 0.012247442927905538 0.02863442224974122
1 0.34809470430495415 0.7945246720448532 0.045689297352184965 0.21104881596343467
1 0.34322119127527556 0.29661586497275866 0.019225188998963992 0.04455052067816441
1 0.34038717390688006 0.5750490800265705 0.008540246071058544 0.01598887303552914
1 0.32743987179718415 0.46807348800828785 0.024567660462916762 0.05883134449948209
1 0.32373494478993226 0.1626603959900053 0.01827911910658786 0.024238020678164406
1 0.3163183970234626 0.2214724698113229 0.021549668320799586 0.02750856989237622
1 0.3150254549241267 0.5505049983473702 0.037358758891340216 0.06566354135632899
1 0.31468504487549476 0.758662100704735 0.01849744292790536 0.02892552067816432
1 0.31044723263160445 0.2638419063290875 0.021695217535011226 0.030633569892376134
1 0.3073906991331585 0.32946690632908754 0.03706766046291676 0.059413541356328814
1 0.29986498945603 0.3906227301504051 0.027256012820281582 0.04960189371369372
1 0.2922941604674259 0.8711813713828995 0.014790246071058633 0.016279971463952592