0 0.425 0.37421875 0.83125 0.50625
0 0.1453125 0.5484375 0.028125 0.009375
0 0.19375 0.628125 0.20625 0.025
0 0.690625 0.6296875 0.04375 0.015625
0 0.4140625 0.634375 0.015625 0.00625
0 0.521875 0.646875 0.05625 0.01875
0 0.8265625 0.6484375 0.021875 0.015625
0 0.76875 0.65625 0.025 0.01875
0 0.440625 0.659375 0.0625 0.03125
0 0.2328125 0.6609375 0.028125 0.015625
0 0.7265625 0.6625 0.028125 0.01875
0 0.6625 0.665625 0.05625 0.03125
0 0.6015625 0.6734375 0.046875 0.021875
0 0.1234375 0.684375 0.015625 0.0125